"Scenario" "Years" "Loess_Total" "Point" "Elevation" "Erosion" "Loess_Remaining" "Loess_Fraction" "NA"
"Flat" 250 0.625 "1" 1188.52551269531 0 0.625 1 1
"Flat" 500 1.25 "1" 1189.15051269531 0 1.25 1 2
"Flat" 750 1.875 "1" 1189.77551269531 0 1.875 1 3
"Flat" 1000 2.5 "1" 1190.40051269531 0 2.5 1 4
"Flat" 1250 3.125 "1" 1191.02551269531 0 3.125 1 5
"Flat" 1500 3.75 "1" 1191.65051269531 0 3.75 1 6
"Flat" 1750 4.375 "1" 1192.27551269531 0 4.375 1 7
"Flat" 2000 5 "1" 1192.90051269531 0 5 1 8
"Flat" 2250 5.625 "1" 1193.52551269531 0 5.625 1 9
"Flat" 2500 6.25 "1" 1194.15051269531 0 6.25 1 10
"Flat" 2750 6.875 "1" 1194.77551269531 0 6.875 1 11
"Flat" 3000 7.5 "1" 1195.40051269531 0 7.5 1 12
"Flat" 3250 8.125 "1" 1196.02551269531 0 8.125 1 13
"Flat" 3500 8.75 "1" 1196.65051269531 0 8.75 1 14
"Flat" 3750 9.375 "1" 1197.27551269531 0 9.375 1 15
"Flat" 4000 10 "1" 1197.90051269531 0 10 1 16
"Flat" 4250 10.625 "1" 1198.52551269531 0 10.625 1 17
"Flat" 4500 11.25 "1" 1199.15051269531 0 11.25 1 18
"Flat" 4750 11.875 "1" 1199.77551269531 0 11.875 1 19
"Flat" 5000 12.5 "1" 1200.40051269531 0 12.5 1 20
"Flat" 5250 13.125 "1" 1201.02551269531 0 13.125 1 21
"Flat" 5500 13.75 "1" 1201.65051269531 0 13.75 1 22
"Flat" 5750 14.375 "1" 1202.27551269531 0 14.375 1 23
"Flat" 6000 15 "1" 1202.90051269531 0 15 1 24
"Flat" 6250 15.625 "1" 1203.52551269531 0 15.625 1 25
"Flat" 6500 16.25 "1" 1204.15051269531 0 16.25 1 26
"Flat" 6750 16.875 "1" 1204.77551269531 0 16.875 1 27
"Flat" 7000 17.5 "1" 1205.40051269531 0 17.5 1 28
"Flat" 7250 18.125 "1" 1206.02551269531 0 18.125 1 29
"Flat" 7500 18.75 "1" 1206.65051269531 0 18.75 1 30
"Flat" 7750 19.375 "1" 1207.27514648438 0.0003662109375 19.3746337890625 0.999981098790323 31
"Flat" 8000 20 "1" 1207.89807128906 0.00244140625 19.99755859375 0.9998779296875 32
"Flat" 8250 20.625 "1" 1208.51635742188 0.0091552734375 20.6158447265625 0.999556107954545 33
"Flat" 8500 21.25 "1" 1209.12475585938 0.0257568359375 21.2242431640625 0.998787913602941 34
"Flat" 8750 21.875 "1" 1209.71435546875 0.0611572265625 21.8138427734375 0.997204241071429 35
"Flat" 9000 22.5 "1" 1210.27709960938 0.1234130859375 22.3765869140625 0.994514973958333 36
"Flat" 9250 23.125 "1" 1210.80493164062 0.2205810546875 22.9044189453125 0.990461359797297 37
"Flat" 9500 23.75 "1" 1211.30432128906 0.34619140625 23.40380859375 0.985423519736842 38
"Flat" 9750 24.375 "1" 1211.7568359375 0.5186767578125 23.8563232421875 0.978720953525641 39
"Flat" 10000 25 "1" 1212.16015625 0.7403564453125 24.2596435546875 0.9703857421875 40
"Flat" 10250 25.625 "1" 1212.51379394531 1.01171875 24.61328125 0.960518292682927 41
"Flat" 10500 26.25 "1" 1212.81762695312 1.3328857421875 24.9171142578125 0.949223400297619 42
"Flat" 10750 26.875 "1" 1213.07507324219 1.700439453125 25.174560546875 0.936727834302326 43
"Flat" 11000 27.40625 "1" 1213.25207519531 2.0546875 25.3515625 0.92502850627138 44
"Flat" 11250 27.8203125 "1" 1213.27453613281 2.4462890625 25.3740234375 0.912068239258635 45
"Flat" 11500 28.1171875 "1" 1213.14392089844 2.873779296875 25.243408203125 0.897792789663795 46
"Flat" 11750 28.296875 "1" 1212.86547851562 3.3319091796875 24.9649658203125 0.882251691054666 47
"Flat" 12000 28.359375 "1" 1212.44165039062 3.8182373046875 24.5411376953125 0.865362431129477 48
"Flat" 12250 28.421875 "1" 1212.39929199219 3.923095703125 24.498779296875 0.861969145134689 49
"Flat" 12500 28.484375 "1" 1212.34326171875 4.0416259765625 24.4427490234375 0.858110772078991 50
"Flat" 12750 28.546875 "1" 1212.27307128906 4.17431640625 24.37255859375 0.853773262178435 51
"Flat" 13000 28.609375 "1" 1212.19653320312 4.3133544921875 24.2960205078125 0.849232830420535 52
"Flat" 13250 28.671875 "1" 1212.12255859375 4.4498291015625 24.2220458984375 0.844801600817439 53
"Flat" 13500 28.734375 "1" 1212.05651855469 4.578369140625 24.156005859375 0.840665783034258 54
"Flat" 13750 28.796875 "1" 1211.99841308594 4.698974609375 24.097900390625 0.836823453608247 55
"Flat" 14000 28.859375 "1" 1211.96228027344 4.797607421875 24.061767578125 0.833759136437466 56
"Flat" 14250 28.921875 "1" 1211.93322753906 4.88916015625 24.03271484375 0.830952863317126 57
"Flat" 14500 28.984375 "1" 1211.89953613281 4.9853515625 23.9990234375 0.827998652291105 58
"Flat" 14750 29.046875 "1" 1211.86889648438 5.0784912109375 23.9683837890625 0.825162217590102 59
"Flat" 15000 29.109375 "1" 1211.84423828125 5.1656494140625 23.9437255859375 0.822543444712829 60
"Flat" 15250 29.19375 "1" 1211.837890625 5.2563720703125 23.9373779296875 0.819948719492614 61
"Flat" 15500 29.3 "1" 1211.85998535156 5.34052734375 23.95947265625 0.817729442192833 62
"Flat" 15750 29.428125 "1" 1211.90954589844 5.419091796875 24.009033203125 0.815853310502283 63
"Flat" 16000 29.578125 "1" 1211.98596191406 5.49267578125 24.08544921875 0.814299392498679 64
"Flat" 16250 29.728125 "1" 1211.98229980469 5.646337890625 24.081787109375 0.810067473457374 65
"Flat" 16500 29.878125 "1" 1211.96667480469 5.811962890625 24.066162109375 0.805477656625876 66
"Flat" 16750 30.028125 "1" 1211.96594238281 5.9626953125 24.0654296875 0.801429649287127 67
"Flat" 17000 30.178125 "1" 1211.98400878906 6.09462890624999 24.08349609375 0.798044812053433 68
"Flat" 17250 30.328125 "1" 1212.01916503906 6.20947265624999 24.11865234375 0.795256955177744 69
"Flat" 17500 30.478125 "1" 1212.06848144531 6.31015624999999 24.16796875 0.792961140162002 70
"Flat" 17750 30.628125 "1" 1212.12915039062 6.39948730468749 24.2286376953125 0.791058469799 71
"Flat" 18000 30.778125 "1" 1212.19848632812 6.48015136718749 24.2979736328125 0.789455940958473 72
"Flat" 18250 30.928125 "1" 1212.27453613281 6.55410156249999 24.3740234375 0.788086036172578 73
"Flat" 18500 31.078125 "1" 1212.35571289062 6.62292480468749 24.4552001953125 0.786894325037708 74
"Flat" 18750 31.228125 "1" 1212.44030761719 6.68833007812498 24.539794921875 0.785823513959772 75
"Flat" 19000 31.378125 "1" 1212.52746582031 6.75117187499998 24.626953125 0.784844636988348 76
"Flat" 19250 31.528125 "1" 1212.61560058594 6.81303710937498 24.715087890625 0.783906048666865 77
"Flat" 19500 31.678125 "1" 1212.70202636719 6.87661132812498 24.801513671875 0.782922400611621 78
"Flat" 19750 31.828125 "1" 1212.78198242188 6.94665527343748 24.8814697265625 0.781744753313697 79
"Flat" 20000 31.978125 "1" 1212.8486328125 7.03000488281248 24.9481201171875 0.780162067575492 80
"Flat" 20250 32.128125 "1" 1212.88171386719 7.14692382812498 24.981201171875 0.77754930211069 81
"Flat" 20500 32.278125 "1" 1212.88305664062 7.29558105468747 24.9825439453125 0.773977545018879 82
"Flat" 20750 32.428125 "1" 1212.83728027344 7.49135742187497 24.936767578125 0.768985797918474 83
"Flat" 21000 32.578125 "1" 1212.74206542969 7.73657226562497 24.841552734375 0.762522482014389 84
"Flat" 21250 32.728125 "1" 1212.60705566406 8.02158203124997 24.70654296875 0.75490248734842 85
"Flat" 21500 32.878125 "1" 1212.36401367188 8.41462402343747 24.4635009765625 0.744066183109971 86
"Flat" 21750 33.028125 "1" 1212.09216308594 8.83647460937497 24.191650390625 0.732456062541395 87
"Flat" 22000 33.178125 "1" 1211.78979492188 9.28884277343747 23.8892822265625 0.720031111660545 88
"Flat" 22250 33.328125 "1" 1211.45556640625 9.77307128906246 23.5550537109375 0.706762042897328 89
"Flat" 22500 33.478125 "1" 1211.09533691406 10.28330078125 23.19482421875 0.692835223560161 90
"Flat" 22750 33.628125 "1" 1210.73657226562 10.7920654296875 22.8360595703125 0.679076206904563 91
"Flat" 23000 33.778125 "1" 1210.375 11.3036376953125 22.4744873046875 0.665356271394209 92
"Flat" 23250 33.928125 "1" 1209.98974609375 11.8388916015625 22.0892333984375 0.651059656212583 93
"Flat" 23500 34.078125 "1" 1209.59594726562 12.3826904296875 21.6954345703125 0.636638153370015 94
"Flat" 23750 34.228125 "1" 1209.20190429688 12.9267333984375 21.3013916015625 0.622335918241578 95
"Flat" 24000 34.378125 "1" 1208.81494140625 13.4636962890625 20.9144287109375 0.608364438460141 96
"Flat" 24250 34.528125 "1" 1208.44140625 13.9872314453125 20.5408935546875 0.5949032435062 97
"Flat" 24500 34.678125 "1" 1208.08276367188 14.4958740234375 20.1822509765625 0.581987952825089 98
"Flat" 24750 34.828125 "1" 1207.73962402344 14.989013671875 19.839111328125 0.569629037685061 99
"Flat" 25000 34.9781249999999 "1" 1207.41101074219 15.4676269531249 19.510498046875 0.557791420977397 100
"Flat" 25250 35.1281249999999 "1" 1207.09765625 15.9309814453124 19.1971435546875 0.546489274753137 101
"Flat" 25500 35.2781249999999 "1" 1206.80017089844 16.3784667968749 18.899658203125 0.535733069802463 102
"Flat" 25750 35.4281249999999 "1" 1206.51989746094 16.8087402343749 18.619384765625 0.525553773044016 103
"Flat" 26000 35.5781249999999 "1" 1206.25793457031 17.2207031249999 18.357421875 0.515974967061924 104
"Flat" 250 0.625 "2" 1188.52551269531 0 0.625 1 1
"Flat" 500 1.25 "2" 1189.15051269531 0 1.25 1 2
"Flat" 750 1.875 "2" 1189.77551269531 0 1.875 1 3
"Flat" 1000 2.5 "2" 1190.40051269531 0 2.5 1 4
"Flat" 1250 3.125 "2" 1191.02551269531 0 3.125 1 5
"Flat" 1500 3.75 "2" 1191.65051269531 0 3.75 1 6
"Flat" 1750 4.375 "2" 1192.27551269531 0 4.375 1 7
"Flat" 2000 5 "2" 1192.90051269531 0 5 1 8
"Flat" 2250 5.625 "2" 1193.52551269531 0 5.625 1 9
"Flat" 2500 6.25 "2" 1194.15051269531 0 6.25 1 10
"Flat" 2750 6.875 "2" 1194.77551269531 0 6.875 1 11
"Flat" 3000 7.5 "2" 1195.40051269531 0 7.5 1 12
"Flat" 3250 8.125 "2" 1196.02551269531 0 8.125 1 13
"Flat" 3500 8.75 "2" 1196.65051269531 0 8.75 1 14
"Flat" 3750 9.375 "2" 1197.27551269531 0 9.375 1 15
"Flat" 4000 10 "2" 1197.90051269531 0 10 1 16
"Flat" 4250 10.625 "2" 1198.52551269531 0 10.625 1 17
"Flat" 4500 11.25 "2" 1199.15051269531 0 11.25 1 18
"Flat" 4750 11.875 "2" 1199.77551269531 0 11.875 1 19
"Flat" 5000 12.5 "2" 1200.40051269531 0 12.5 1 20
"Flat" 5250 13.125 "2" 1201.02551269531 0 13.125 1 21
"Flat" 5500 13.75 "2" 1201.650390625 0.0001220703125 13.7498779296875 0.999991122159091 22
"Flat" 5750 14.375 "2" 1202.27416992188 0.0013427734375 14.3736572265625 0.999906589673913 23
"Flat" 6000 15 "2" 1202.89404296875 0.0064697265625 14.9935302734375 0.999568684895833 24
"Flat" 6250 15.625 "2" 1203.50463867188 0.0208740234375 15.6041259765625 0.9986640625 25
"Flat" 6500 16.25 "2" 1204.09924316406 0.05126953125 16.19873046875 0.996844951923077 26
"Flat" 6750 16.875 "2" 1204.67028808594 0.105224609375 16.769775390625 0.993764467592593 27
"Flat" 7000 17.5 "2" 1205.2109375 0.1895751953125 17.3104248046875 0.989167131696429 28
"Flat" 7250 18.125 "2" 1205.71350097656 0.31201171875 17.81298828125 0.982785560344828 29
"Flat" 7500 18.75 "2" 1206.14404296875 0.5064697265625 18.2435302734375 0.97298828125 30
"Flat" 7750 19.375 "2" 1206.45239257812 0.8231201171875 18.5518798828125 0.957516381048387 31
"Flat" 8000 20 "2" 1206.7001953125 1.2003173828125 18.7996826171875 0.939984130859375 32
"Flat" 8250 20.625 "2" 1206.8876953125 1.6378173828125 18.9871826171875 0.920590672348485 33
"Flat" 8500 21.25 "2" 1206.98657226562 2.1639404296875 19.0860595703125 0.898167509191176 34
"Flat" 8750 21.875 "2" 1207.04138183594 2.734130859375 19.140869140625 0.875011160714286 35
"Flat" 9000 22.5 "2" 1207.0712890625 3.3292236328125 19.1707763671875 0.852034505208333 36
"Flat" 9250 23.125 "2" 1207.07788085938 3.9476318359375 19.1773681640625 0.829291596283784 37
"Flat" 9500 23.75 "2" 1207.07385253906 4.57666015625 19.17333984375 0.807298519736842 38
"Flat" 9750 24.375 "2" 1207.0830078125 5.1925048828125 19.1824951171875 0.786974158653846 39
"Flat" 10000 25 "2" 1207.11010742188 5.7904052734375 19.2095947265625 0.7683837890625 40
"Flat" 10250 25.625 "2" 1207.09143066406 6.43408203125 19.19091796875 0.74891387195122 41
"Flat" 10500 26.25 "2" 1207.04028320312 7.1102294921875 19.1397705078125 0.729134114583333 42
"Flat" 10750 26.875 "2" 1206.96875 7.8067626953125 19.0682373046875 0.709515806686047 43
"Flat" 11000 27.40625 "2" 1206.84729003906 8.45947265625 18.94677734375 0.691330530216648 44
"Flat" 11250 27.8203125 "2" 1206.64562988281 9.0751953125 18.7451171875 0.673792474024151 45
"Flat" 11500 28.1171875 "2" 1206.45666503906 9.56103515625 18.55615234375 0.659957627118644 46
"Flat" 11750 28.296875 "2" 1206.08227539062 10.1151123046875 18.1817626953125 0.6425360643291 47
"Flat" 12000 28.359375 "2" 1205.55334472656 10.70654296875 17.65283203125 0.622469008264463 48
"Flat" 12250 28.421875 "2" 1205.31274414062 11.0096435546875 17.4122314453125 0.612634861187466 49
"Flat" 12500 28.484375 "2" 1205.068359375 11.3165283203125 17.1678466796875 0.602711018924849 50
"Flat" 12750 28.546875 "2" 1204.82238769531 11.625 16.921875 0.592775041050903 51
"Flat" 13000 28.609375 "2" 1204.6259765625 11.8839111328125 16.7254638671875 0.584614793828509 52
"Flat" 13250 28.671875 "2" 1204.490234375 12.0821533203125 16.5897216796875 0.578606096730245 53
"Flat" 13500 28.734375 "2" 1204.40844726562 12.2264404296875 16.5079345703125 0.57450125747689 54
"Flat" 13750 28.796875 "2" 1204.40747070312 12.2899169921875 16.5069580078125 0.573220462561042 55
"Flat" 14000 28.859375 "2" 1204.4716796875 12.2882080078125 16.5711669921875 0.574203945587439 56
"Flat" 14250 28.921875 "2" 1204.57250976562 12.2498779296875 16.6719970703125 0.576449385467315 57
"Flat" 14500 28.984375 "2" 1204.69714355469 12.187744140625 16.796630859375 0.579506401617251 58
"Flat" 14750 29.046875 "2" 1204.81359863281 12.1337890625 16.9130859375 0.582268692845616 59
"Flat" 15000 29.109375 "2" 1204.91479492188 12.0950927734375 17.0142822265625 0.58449493424584 60
"Flat" 15250 29.19375 "2" 1205.01696777344 12.077294921875 17.116455078125 0.586305461892528 61
"Flat" 15500 29.3 "2" 1205.13500976562 12.0655029296875 17.2344970703125 0.588208091136945 62
"Flat" 15750 29.428125 "2" 1205.27075195312 12.0578857421875 17.3702392578125 0.590259802750345 63
"Flat" 16000 29.578125 "2" 1205.42651367188 12.0521240234375 17.5260009765625 0.592532521130481 64
"Flat" 16250 29.728125 "2" 1205.57958984375 12.0490478515625 17.6790771484375 0.594691967570693 65
"Flat" 16500 29.878125 "2" 1205.73034667969 12.048291015625 17.829833984375 0.596752104905345 66
"Flat" 16750 30.028125 "2" 1205.87878417969 12.049853515625 17.978271484375 0.598714421375794 67
"Flat" 17000 30.178125 "2" 1206.02478027344 12.053857421875 18.124267578125 0.600576330640986 68
"Flat" 17250 30.328125 "2" 1206.16796875 12.0606689453125 18.2674560546875 0.602327247552808 69
"Flat" 17500 30.478125 "2" 1206.30725097656 12.07138671875 18.40673828125 0.603932764277658 70
"Flat" 17750 30.628125 "2" 1206.44128417969 12.087353515625 18.540771484375 0.605351175900419 71
"Flat" 18000 30.778125 "2" 1206.56774902344 12.110888671875 18.667236328125 0.60650986140725 72
"Flat" 18250 30.928125 "2" 1206.68286132812 12.1457763671875 18.7823486328125 0.60729024578155 73
"Flat" 18500 31.078125 "2" 1206.78015136719 12.198486328125 18.879638671875 0.607489630467572 74
"Flat" 18750 31.228125 "2" 1206.85192871094 12.276708984375 18.951416015625 0.60687012158511 75
"Flat" 19000 31.378125 "2" 1206.89477539062 12.3838623046875 18.9942626953125 0.605334534657903 76
"Flat" 19250 31.528125 "2" 1206.90441894531 12.52421875 19.00390625 0.602760432153831 77
"Flat" 19500 31.678125 "2" 1206.87768554688 12.7009521484375 18.9771728515625 0.599062376689356 78
"Flat" 19750 31.828125 "2" 1206.81311035156 12.91552734375 18.91259765625 0.594210235640648 79
"Flat" 20000 31.978125 "2" 1206.71130371094 13.167333984375 18.810791015625 0.588239335971856 80
"Flat" 20250 32.128125 "2" 1206.57421875 13.4544189453125 18.6737060546875 0.581226139237429 81
"Flat" 20500 32.278125 "2" 1206.40515136719 13.773486328125 18.504638671875 0.57328728579727 82
"Flat" 20750 32.428125 "2" 1206.20886230469 14.119775390625 18.308349609375 0.564582429893033 83
"Flat" 21000 32.578125 "2" 1205.98974609375 14.4888916015625 18.0892333984375 0.555257044364509 84
"Flat" 21250 32.728125 "2" 1205.75158691406 14.87705078125 17.85107421875 0.545435285973456 85
"Flat" 21500 32.878125 "2" 1205.49865722656 15.27998046875 17.59814453125 0.535253896967969 86
"Flat" 21750 33.028125 "2" 1205.23559570312 15.6930419921875 17.3350830078125 0.524858223341849 87
"Flat" 22000 33.178125 "2" 1204.96765136719 16.110986328125 17.067138671875 0.514409378826411 88
"Flat" 22250 33.328125 "2" 1204.69958496094 16.529052734375 16.799072265625 0.504050925925926 89
"Flat" 22500 33.478125 "2" 1204.43359375 16.9450439453125 16.5330810546875 0.493847282507235 90
"Flat" 22750 33.628125 "2" 1204.03332519531 17.4953125 16.1328125 0.479741659697055 91
"Flat" 23000 33.778125 "2" 1203.69677734375 17.9818603515625 15.7962646484375 0.46764776459432 92
"Flat" 23250 33.928125 "2" 1203.40173339844 18.426904296875 15.501220703125 0.456884095514415 93
"Flat" 23500 34.078125 "2" 1203.13745117188 18.8411865234375 15.2369384765625 0.447117864511692 94
"Flat" 23750 34.228125 "2" 1202.90161132812 19.2270263671875 15.0010986328125 0.438268197069297 95
"Flat" 24000 34.378125 "2" 1202.69177246094 19.586865234375 14.791259765625 0.430252079356423 96
"Flat" 24250 34.528125 "2" 1202.5048828125 19.9237548828125 14.6043701171875 0.422970263145987 97
"Flat" 24500 34.678125 "2" 1202.33776855469 20.240869140625 14.437255859375 0.416321697305579 98
"Flat" 24750 34.828125 "2" 1202.18725585938 20.5413818359375 14.2867431640625 0.410207071556753 99
"Flat" 25000 34.9781249999999 "2" 1202.05065917969 20.8279785156249 14.150146484375 0.4045427387653 100
"Flat" 25250 35.1281249999999 "2" 1201.92651367188 21.1021240234374 14.0260009765625 0.399281230539988 101
"Flat" 25500 35.2781249999999 "2" 1201.81396484375 21.3646728515624 13.9134521484375 0.394393186951901 102
"Flat" 25750 35.4281249999999 "2" 1201.71301269531 21.6156249999999 13.8125 0.389873864338009 103
"Flat" 26000 35.5781249999999 "2" 1201.62390136719 21.8547363281249 13.723388671875 0.38572546113307 104
"Flat" 250 0.625 "3" 1188.52551269531 0.0001220703125 0.6248779296875 0.9998046875 1
"Flat" 500 1.25 "3" 1189.15051269531 0.0001220703125 1.2498779296875 0.99990234375 2
"Flat" 750 1.875 "3" 1189.77551269531 0.0001220703125 1.8748779296875 0.999934895833333 3
"Flat" 1000 2.5 "3" 1190.40051269531 0.0001220703125 2.4998779296875 0.999951171875 4
"Flat" 1250 3.125 "3" 1191.02551269531 0.0001220703125 3.1248779296875 0.9999609375 5
"Flat" 1500 3.75 "3" 1191.65051269531 0.0001220703125 3.7498779296875 0.999967447916667 6
"Flat" 1750 4.375 "3" 1192.27551269531 0.0001220703125 4.3748779296875 0.999972098214286 7
"Flat" 2000 5 "3" 1192.90051269531 0.0001220703125 4.9998779296875 0.9999755859375 8
"Flat" 2250 5.625 "3" 1193.52551269531 0.0001220703125 5.6248779296875 0.999978298611111 9
"Flat" 2500 6.25 "3" 1194.15051269531 0.0001220703125 6.2498779296875 0.99998046875 10
"Flat" 2750 6.875 "3" 1194.77551269531 0.0001220703125 6.8748779296875 0.999982244318182 11
"Flat" 3000 7.5 "3" 1195.40051269531 0.0001220703125 7.4998779296875 0.999983723958333 12
"Flat" 3250 8.125 "3" 1196.02551269531 0.0001220703125 8.1248779296875 0.999984975961538 13
"Flat" 3500 8.75 "3" 1196.65051269531 0.0001220703125 8.7498779296875 0.999986049107143 14
"Flat" 3750 9.375 "3" 1197.27551269531 0.0001220703125 9.3748779296875 0.999986979166667 15
"Flat" 4000 10 "3" 1197.90051269531 0.0001220703125 9.9998779296875 0.99998779296875 16
"Flat" 4250 10.625 "3" 1198.52551269531 0.0001220703125 10.6248779296875 0.999988511029412 17
"Flat" 4500 11.25 "3" 1199.150390625 0.000244140625 11.249755859375 0.999978298611111 18
"Flat" 4750 11.875 "3" 1199.7734375 0.002197265625 11.872802734375 0.999814967105263 19
"Flat" 5000 12.5 "3" 1200.38623046875 0.014404296875 12.485595703125 0.99884765625 20
"Flat" 5250 13.125 "3" 1200.97375488281 0.0518798828125 13.0731201171875 0.99604724702381 21
"Flat" 5500 13.75 "3" 1201.5224609375 0.128173828125 13.621826171875 0.990678267045455 22
"Flat" 5750 14.375 "3" 1202.02429199219 0.2513427734375 14.1236572265625 0.982515285326087 23
"Flat" 6000 15 "3" 1202.47448730469 0.4261474609375 14.5738525390625 0.971590169270833 24
"Flat" 6250 15.625 "3" 1202.86962890625 0.656005859375 14.968994140625 0.958015625 25
"Flat" 6500 16.25 "3" 1203.21423339844 0.9364013671875 15.3135986328125 0.942375300480769 26
"Flat" 6750 16.875 "3" 1203.50463867188 1.27099609375 15.60400390625 0.924681712962963 27
"Flat" 7000 17.5 "3" 1203.74462890625 1.656005859375 15.843994140625 0.90537109375 28
"Flat" 7250 18.125 "3" 1203.9375 2.088134765625 16.036865234375 0.884792564655172 29
"Flat" 7500 18.75 "3" 1204.09008789062 2.560546875 16.189453125 0.8634375 30
"Flat" 7750 19.375 "3" 1204.20935058594 3.0662841796875 16.3087158203125 0.841740171370968 31
"Flat" 8000 20 "3" 1204.29699707031 3.6036376953125 16.3963623046875 0.819818115234375 32
"Flat" 8250 20.625 "3" 1204.35729980469 4.1683349609375 16.4566650390625 0.797898910984848 33
"Flat" 8500 21.25 "3" 1204.39489746094 4.7557373046875 16.4942626953125 0.776200597426471 34
"Flat" 8750 21.875 "3" 1204.41381835938 5.36181640625 16.51318359375 0.754888392857143 35
"Flat" 9000 22.5 "3" 1204.41772460938 5.98291015625 16.51708984375 0.734092881944444 36
"Flat" 9250 23.125 "3" 1204.41003417969 6.6156005859375 16.5093994140625 0.713919974662162 37
"Flat" 9500 23.75 "3" 1204.39318847656 7.2574462890625 16.4925537109375 0.694423314144737 38
"Flat" 9750 24.375 "3" 1204.369140625 7.906494140625 16.468505859375 0.675631009615385 39
"Flat" 10000 25 "3" 1204.33911132812 8.5615234375 16.4384765625 0.6575390625 40
"Flat" 10250 25.625 "3" 1204.30444335938 9.22119140625 16.40380859375 0.64014862804878 41
"Flat" 10500 26.25 "3" 1204.26538085938 9.88525390625 16.36474609375 0.623418898809524 42
"Flat" 10750 26.875 "3" 1204.22192382812 10.5537109375 16.3212890625 0.607303779069767 43
"Flat" 11000 27.40625 "3" 1204.12915039062 11.177734375 16.228515625 0.592146522234892 44
"Flat" 11250 27.8203125 "3" 1203.91516113281 11.8057861328125 16.0145263671875 0.57564149817467 45
"Flat" 11500 28.1171875 "3" 1203.58471679688 12.43310546875 15.68408203125 0.557811197554876 46
"Flat" 11750 28.296875 "3" 1203.14001464844 13.0574951171875 15.2393798828125 0.538553458034235 47
"Flat" 12000 28.359375 "3" 1202.58215332031 13.6778564453125 14.6815185546875 0.517695420110193 48
"Flat" 12250 28.421875 "3" 1202.21276855469 14.1097412109375 14.3121337890625 0.503560507146784 49
"Flat" 12500 28.484375 "3" 1202.20324707031 14.1817626953125 14.3026123046875 0.50212133159627 50
"Flat" 12750 28.546875 "3" 1202.57495117188 13.87255859375 14.67431640625 0.514042829775588 51
"Flat" 13000 28.609375 "3" 1202.89331054688 13.61669921875 14.99267578125 0.524047651556526 52
"Flat" 13250 28.671875 "3" 1203.03271484375 13.539794921875 15.132080078125 0.527767370572207 53
"Flat" 13500 28.734375 "3" 1203.14526367188 13.48974609375 15.24462890625 0.530536296900489 54
"Flat" 13750 28.796875 "3" 1203.23999023438 13.45751953125 15.33935546875 0.532674308193163 55
"Flat" 14000 28.859375 "3" 1203.31848144531 13.4415283203125 15.4178466796875 0.534240491337304 56
"Flat" 14250 28.921875 "3" 1203.38061523438 13.44189453125 15.47998046875 0.535234332793085 57
"Flat" 14500 28.984375 "3" 1203.43383789062 13.451171875 15.533203125 0.535916442048518 58
"Flat" 14750 29.046875 "3" 1203.47131347656 13.4761962890625 15.5706787109375 0.536053489779451 59
"Flat" 15000 29.109375 "3" 1203.48681640625 13.523193359375 15.586181640625 0.535435118089104 60
"Flat" 15250 29.19375 "3" 1203.48986816406 13.6045166015625 15.5892333984375 0.533992152376365 61
"Flat" 15500 29.3 "3" 1203.49108886719 13.7095458984375 15.5904541015625 0.532097409609642 62
"Flat" 15750 29.428125 "3" 1203.49060058594 13.8381591796875 15.5899658203125 0.529764156578528 63
"Flat" 16000 29.578125 "3" 1203.48461914062 13.994140625 15.583984375 0.526875330163761 64
"Flat" 16250 29.728125 "3" 1203.47265625 14.156103515625 15.572021484375 0.5238144512772 65
"Flat" 16500 29.878125 "3" 1203.38537597656 14.3933837890625 15.4847412109375 0.518263485775547 66
"Flat" 16750 30.028125 "3" 1203.21154785156 14.7172119140625 15.3109130859375 0.509885751639088 67
"Flat" 17000 30.178125 "3" 1202.95690917969 15.1218505859375 15.0562744140625 0.498913514807911 68
"Flat" 17250 30.328125 "3" 1202.6357421875 15.593017578125 14.735107421875 0.485856195260175 69
"Flat" 17500 30.478125 "3" 1202.26452636719 16.1142333984375 14.3638916015625 0.47128527760689 70
"Flat" 17750 30.628125 "3" 1201.85986328125 16.668896484375 13.959228515625 0.455765036730946 71
"Flat" 18000 30.778125 "3" 1201.4365234375 17.242236328125 13.535888671875 0.439789255254341 72
"Flat" 18250 30.928125 "3" 1201.00671386719 17.8220458984375 13.1060791015625 0.423759251540871 73
"Flat" 18500 31.078125 "3" 1200.58032226562 18.3984375 12.6796875 0.407993966817496 74
"Flat" 18750 31.228125 "3" 1200.16467285156 18.9640869140625 12.2640380859375 0.392724125637947 75
"Flat" 19000 31.378125 "3" 1199.76550292969 19.5132568359375 11.8648681640625 0.378125466835973 76
"Flat" 19250 31.528125 "3" 1199.38732910156 20.0414306640625 11.4866943359375 0.364331666914462 77
"Flat" 19500 31.678125 "3" 1199.03271484375 20.546044921875 11.132080078125 0.351412215152412 78
"Flat" 19750 31.828125 "3" 1198.70349121094 21.0252685546875 10.8028564453125 0.339412279086893 79
"Flat" 20000 31.978125 "3" 1198.40014648438 21.47861328125 10.49951171875 0.328334188410046 80
"Flat" 20250 32.128125 "3" 1198.12219238281 21.9065673828125 10.2215576171875 0.3181498334306 81
"Flat" 20500 32.278125 "3" 1197.86889648438 22.30986328125 9.96826171875 0.308824063316875 82
"Flat" 20750 32.428125 "3" 1197.63891601562 22.68984375 9.73828125 0.300303555941024 83
"Flat" 21000 32.578125 "3" 1197.43078613281 23.0479736328125 9.5301513671875 0.292532224220624 84
"Flat" 21250 32.728125 "3" 1197.24279785156 23.3859619140625 9.3421630859375 0.285447549651485 85
"Flat" 21500 32.878125 "3" 1197.0732421875 23.705517578125 9.172607421875 0.278988154643095 86
"Flat" 21750 33.028125 "3" 1196.92041015625 24.008349609375 9.019775390625 0.273093776610843 87
"Flat" 22000 33.178125 "3" 1196.78271484375 24.296044921875 8.882080078125 0.267708922011868 88
"Flat" 22250 33.328125 "3" 1196.65881347656 24.5699462890625 8.7581787109375 0.262786421706517 89
"Flat" 22500 33.478125 "3" 1196.54711914062 24.831640625 8.646484375 0.258272659385793 90
"Flat" 22750 33.628125 "3" 1196.44653320312 25.0822265625 8.5458984375 0.254129495400056 91
"Flat" 23000 33.778125 "3" 1196.35607910156 25.3226806640625 8.4554443359375 0.250323081459895 92
"Flat" 23250 33.928125 "3" 1196.27453613281 25.5542236328125 8.3739013671875 0.246812972045685 93
"Flat" 23500 34.078125 "3" 1196.20104980469 25.7777099609375 8.3004150390625 0.24357017996332 94
"Flat" 23750 34.228125 "3" 1196.134765625 25.993994140625 8.234130859375 0.240566226148088 95
"Flat" 24000 34.378125 "3" 1196.07495117188 26.20380859375 8.17431640625 0.237776679392783 96
"Flat" 24250 34.528125 "3" 1196.02075195312 26.4080078125 8.1201171875 0.235173997646846 97
"Flat" 24500 34.678125 "3" 1195.97192382812 26.6068359375 8.0712890625 0.232748715869154 98
"Flat" 24750 34.828125 "3" 1195.927734375 26.801025390625 8.027099609375 0.230477512337371 99
"Flat" 25000 34.9781249999999 "3" 1195.8876953125 26.9910644531249 7.987060546875 0.228344445188958 100
"Flat" 25250 35.1281249999999 "3" 1195.85144042969 27.1773193359374 7.9508056640625 0.226337319855885 101
"Flat" 25500 35.2781249999999 "3" 1195.818359375 27.3604003906249 7.917724609375 0.224437228718222 102
"Flat" 25750 35.4281249999999 "3" 1195.7880859375 27.5406738281249 7.887451171875 0.222632475522625 103
"Flat" 26000 35.5781249999999 "3" 1195.76049804688 27.7182617187499 7.85986328125 0.220918423364076 104
"Flat" 250 0.625 "4" 1188.52551269531 0 0.625 1 1
"Flat" 500 1.25 "4" 1189.15051269531 0 1.25 1 2
"Flat" 750 1.875 "4" 1189.77551269531 0 1.875 1 3
"Flat" 1000 2.5 "4" 1190.40051269531 0 2.5 1 4
"Flat" 1250 3.125 "4" 1191.025390625 0.0001220703125 3.1248779296875 0.9999609375 5
"Flat" 1500 3.75 "4" 1191.6396484375 0.0108642578125 3.7391357421875 0.997102864583333 6
"Flat" 1750 4.375 "4" 1192.16748046875 0.1080322265625 4.2669677734375 0.975306919642857 7
"Flat" 2000 5 "4" 1192.55200195312 0.3485107421875 4.6514892578125 0.9302978515625 8
"Flat" 2250 5.625 "4" 1192.86364746094 0.661865234375 4.963134765625 0.882335069444444 9
"Flat" 2500 6.25 "4" 1193.14477539062 1.0057373046875 5.2442626953125 0.83908203125 10
"Flat" 2750 6.875 "4" 1193.38562011719 1.389892578125 5.485107421875 0.797833806818182 11
"Flat" 3000 7.5 "4" 1193.58288574219 1.817626953125 5.682373046875 0.757649739583333 12
"Flat" 3250 8.125 "4" 1193.74841308594 2.277099609375 5.847900390625 0.719741586538462 13
"Flat" 3500 8.75 "4" 1193.88330078125 2.7672119140625 5.9827880859375 0.683747209821429 14
"Flat" 3750 9.375 "4" 1193.9951171875 3.2803955078125 6.0946044921875 0.650091145833333 15
"Flat" 4000 10 "4" 1194.08642578125 3.8140869140625 6.1859130859375 0.61859130859375 16
"Flat" 4250 10.625 "4" 1194.16552734375 4.3599853515625 6.2650146484375 0.5896484375 17
"Flat" 4500 11.25 "4" 1194.23315429688 4.9173583984375 6.3326416015625 0.562901475694444 18
"Flat" 4750 11.875 "4" 1194.28991699219 5.485595703125 6.389404296875 0.538055098684211 19
"Flat" 5000 12.5 "4" 1194.33984375 6.0606689453125 6.4393310546875 0.515146484375 20
"Flat" 5250 13.125 "4" 1194.38354492188 6.6419677734375 6.4830322265625 0.4939453125 21
"Flat" 5500 13.75 "4" 1194.41967773438 7.2308349609375 6.5191650390625 0.47412109375 22
"Flat" 5750 14.375 "4" 1194.45068359375 7.8248291015625 6.5501708984375 0.4556640625 23
"Flat" 6000 15 "4" 1194.47827148438 8.4222412109375 6.5777587890625 0.438517252604167 24
"Flat" 6250 15.625 "4" 1194.50439453125 9.0211181640625 6.6038818359375 0.4226484375 25
"Flat" 6500 16.25 "4" 1194.52990722656 9.62060546875 6.62939453125 0.407962740384615 26
"Flat" 6750 16.875 "4" 1194.55480957031 10.220703125 6.654296875 0.394328703703704 27
"Flat" 7000 17.5 "4" 1194.57775878906 10.82275390625 6.67724609375 0.381556919642857 28
"Flat" 7250 18.125 "4" 1194.5966796875 11.4288330078125 6.6961669921875 0.36944369612069 29
"Flat" 7500 18.75 "4" 1194.61303710938 12.0374755859375 6.7125244140625 0.358001302083333 30
"Flat" 7750 19.375 "4" 1194.62805175781 12.6474609375 6.7275390625 0.347227822580645 31
"Flat" 8000 20 "4" 1194.64270019531 13.2578125 6.7421875 0.337109375 32
"Flat" 8250 20.625 "4" 1194.658203125 13.8673095703125 6.7576904296875 0.327645596590909 33
"Flat" 8500 21.25 "4" 1194.67126464844 14.479248046875 6.770751953125 0.318623621323529 34
"Flat" 8750 21.875 "4" 1194.68249511719 15.093017578125 6.781982421875 0.310033482142857 35
"Flat" 9000 22.5 "4" 1194.69201660156 15.70849609375 6.79150390625 0.301844618055556 36
"Flat" 9250 23.125 "4" 1194.70056152344 16.324951171875 6.800048828125 0.294056165540541 37
"Flat" 9500 23.75 "4" 1194.70935058594 16.941162109375 6.808837890625 0.286687911184211 38
"Flat" 9750 24.375 "4" 1194.71875 17.5567626953125 6.8182373046875 0.279722556089744 39
"Flat" 10000 25 "4" 1194.72619628906 18.17431640625 6.82568359375 0.27302734375 40
"Flat" 10250 25.625 "4" 1194.73315429688 18.7923583984375 6.8326416015625 0.266639672256098 41
"Flat" 10500 26.25 "4" 1194.7412109375 19.4093017578125 6.8406982421875 0.26059802827381 42
"Flat" 10750 26.875 "4" 1194.74768066406 20.02783203125 6.84716796875 0.254778343023256 43
"Flat" 11000 27.40625 "4" 1194.71826171875 20.5885009765625 6.8177490234375 0.248766212941847 44
"Flat" 11250 27.8203125 "4" 1194.57543945312 21.1453857421875 6.6749267578125 0.239929970513901 45
"Flat" 11500 28.1171875 "4" 1194.31567382812 21.7020263671875 6.4151611328125 0.228157995276466 46
"Flat" 11750 28.296875 "4" 1193.93676757812 22.2606201171875 6.0362548828125 0.213318781060188 47
"Flat" 12000 28.359375 "4" 1193.4384765625 22.8214111328125 5.5379638671875 0.195278064738292 48
"Flat" 12250 28.421875 "4" 1193.61096191406 22.71142578125 5.71044921875 0.200917399670148 49
"Flat" 12500 28.484375 "4" 1193.57287597656 22.81201171875 5.67236328125 0.199139467910038 50
"Flat" 12750 28.546875 "4" 1193.49438476562 22.9530029296875 5.5938720703125 0.195953920361248 51
"Flat" 13000 28.609375 "4" 1193.412109375 23.0977783203125 5.5115966796875 0.192650020480612 52
"Flat" 13250 28.671875 "4" 1193.34143066406 23.23095703125 5.44091796875 0.189764986376022 53
"Flat" 13500 28.734375 "4" 1193.28198242188 23.3529052734375 5.3814697265625 0.187283340130506 54
"Flat" 13750 28.796875 "4" 1193.23278808594 23.464599609375 5.332275390625 0.185168543136191 55
"Flat" 14000 28.859375 "4" 1193.19079589844 23.569091796875 5.290283203125 0.183312466161343 56
"Flat" 14250 28.921875 "4" 1193.15246582031 23.669921875 5.251953125 0.181591031874662 57
"Flat" 14500 28.984375 "4" 1193.11694335938 23.7679443359375 5.2164306640625 0.179973888140162 58
"Flat" 14750 29.046875 "4" 1193.08288574219 23.864501953125 5.182373046875 0.17841413394298 59
"Flat" 15000 29.109375 "4" 1193.05126953125 23.9586181640625 5.1507568359375 0.176944947665056 60
"Flat" 15250 29.19375 "4" 1193.03161621094 24.062646484375 5.131103515625 0.175760343074288 61
"Flat" 15500 29.3 "4" 1193.03479003906 24.16572265625 5.13427734375 0.17523130866041 62
"Flat" 15750 29.428125 "4" 1193.05993652344 24.268701171875 5.159423828125 0.175322886800467 63
"Flat" 16000 29.578125 "4" 1193.1064453125 24.3721923828125 5.2059326171875 0.176006174062335 64
"Flat" 16250 29.728125 "4" 1192.90185546875 24.7267822265625 5.0013427734375 0.168236065121413 65
"Flat" 16500 29.878125 "4" 1192.77478027344 25.003857421875 4.874267578125 0.163138335425165 66
"Flat" 16750 30.028125 "4" 1192.65783691406 25.27080078125 4.75732421875 0.158428946820689 67
"Flat" 17000 30.178125 "4" 1192.55017089844 25.528466796875 4.649658203125 0.154073793621207 68
"Flat" 17250 30.328125 "4" 1192.44421386719 25.784423828125 4.543701171875 0.149818070582174 69
"Flat" 17500 30.478125 "4" 1192.33776855469 26.040869140625 4.437255859375 0.145588216446222 70
"Flat" 17750 30.628125 "4" 1192.24060058594 26.288037109375 4.340087890625 0.141702696153454 71
"Flat" 18000 30.778125 "4" 1192.15966796875 26.5189697265625 4.2591552734375 0.138382545182252 72
"Flat" 18250 30.928125 "4" 1192.09362792969 26.735009765625 4.193115234375 0.135576121551986 73
"Flat" 18500 31.078125 "4" 1192.03869628906 26.93994140625 4.13818359375 0.133154223227753 74
"Flat" 18750 31.228125 "4" 1191.99353027344 27.135107421875 4.093017578125 0.131068310317222 75
"Flat" 19000 31.378125 "4" 1191.95642089844 27.322216796875 4.055908203125 0.129259100189224 76
"Flat" 19250 31.528125 "4" 1191.92639160156 27.50224609375 4.02587890625 0.127691669144613 77
"Flat" 19500 31.678125 "4" 1191.90185546875 27.6767822265625 4.0013427734375 0.126312487668936 78
"Flat" 19750 31.828125 "4" 1191.88146972656 27.84716796875 3.98095703125 0.125076705940108 79
"Flat" 20000 31.978125 "4" 1191.86547851562 28.0131591796875 3.9649658203125 0.123989940633245 80
"Flat" 20250 32.128125 "4" 1191.85339355469 28.175244140625 3.952880859375 0.123034906623869 81
"Flat" 20500 32.278125 "4" 1191.84387207031 28.334765625 3.943359375 0.122168167295963 82
"Flat" 20750 32.428125 "4" 1191.83544921875 28.4931884765625 3.9349365234375 0.121343325383059 83
"Flat" 21000 32.578125 "4" 1191.8291015625 28.6495361328125 3.9285888671875 0.120589778177458 84
"Flat" 21250 32.728125 "4" 1191.82397460938 28.8046630859375 3.9234619140625 0.119880436598873 85
"Flat" 21500 32.878125 "4" 1191.82055664062 28.9580810546875 3.9200439453125 0.119229546858664 86
"Flat" 21750 33.028125 "4" 1191.81884765625 29.1097900390625 3.9183349609375 0.118636312565049 87
"Flat" 22000 33.178125 "4" 1191.81811523438 29.2605224609375 3.9176025390625 0.118077876283319 88
"Flat" 22250 33.328125 "4" 1191.81811523438 29.4105224609375 3.9176025390625 0.117546442803563 89
"Flat" 22500 33.478125 "4" 1191.81860351562 29.5600341796875 3.9180908203125 0.117034356622795 90
"Flat" 22750 33.628125 "4" 1191.81921386719 29.709423828125 3.918701171875 0.1165304688226 91
"Flat" 23000 33.778125 "4" 1191.81982421875 29.8588134765625 3.9193115234375 0.11603105629568 92
"Flat" 23250 33.928125 "4" 1191.81982421875 30.0088134765625 3.9193115234375 0.115518070139081 93
"Flat" 23500 34.078125 "4" 1191.82067871094 30.157958984375 3.920166015625 0.115034674461256 94
"Flat" 23750 34.228125 "4" 1191.82275390625 30.3058837890625 3.9222412109375 0.114591179357254 95
"Flat" 24000 34.378125 "4" 1191.82580566406 30.45283203125 3.92529296875 0.114179960912644 96
"Flat" 24250 34.528125 "4" 1191.82971191406 30.59892578125 3.92919921875 0.113797063082632 97
"Flat" 24500 34.678125 "4" 1191.83374023438 30.7448974609375 3.9332275390625 0.113420997792196 98
"Flat" 24750 34.828125 "4" 1191.83728027344 30.891357421875 3.936767578125 0.113034152086137 99
"Flat" 25000 34.9781249999999 "4" 1191.84130859375 31.0373291015624 3.9407958984375 0.112664583891718 100
"Flat" 25250 35.1281249999999 "4" 1191.84558105469 31.1830566406249 3.945068359375 0.112305121875278 101
"Flat" 25500 35.2781249999999 "4" 1191.84948730469 31.3291503906249 3.948974609375 0.111938335990788 102
"Flat" 25750 35.4281249999999 "4" 1191.85302734375 31.4756103515624 3.9525146484375 0.111564319264356 103
"Flat" 26000 35.5781249999999 "4" 1191.85693359375 31.6217041015624 3.9564208984375 0.111203749451032 104
